-3.0000 0.6621
-2.9400 0.1244
-2.8800 -0.0054
-2.8200 0.1049
-2.7600 0.3336
-2.7000 0.5963
-2.6400 0.8378
-2.5800 1.0256
-2.5200 1.1448
-2.4600 1.1926
-2.4000 1.1751
-2.3400 1.1043
-2.2800 0.9951
-2.2200 0.8635
-2.1600 0.7256
-2.1000 0.5960
-2.0400 0.4870
-1.9800 0.4087
-1.9200 0.3684
-1.8600 0.3704
-1.8000 0.4165
-1.7400 0.5060
-1.6800 0.6360
-1.6200 0.8017
-1.5600 0.9969
-1.5000 1.2144
-1.4400 1.4464
-1.3800 1.6846
-1.3200 1.9210
-1.2600 2.1476
-1.2000 2.3574
-1.1400 2.5441
-1.0800 2.7023
-1.0200 2.8279
-0.9600 2.9179
-0.9000 2.9706
-0.8400 2.9855
-0.7800 2.9634
-0.7200 2.9059
-0.6600 2.8160
-0.6000 2.6972
-0.5400 2.5539
-0.4800 2.3910
-0.4200 2.2135
-0.3600 2.0271
-0.3000 1.8369
-0.2400 1.6484
-0.1800 1.4662
-0.1200 1.2950
-0.0600 1.1385
0.0000 1.0000
0.0600 0.8819
0.1200 0.7858
0.1800 0.7126
0.2400 0.6623
0.3000 0.6342
0.3600 0.6268
0.4200 0.6379
0.4800 0.6651
0.5400 0.7051
0.6000 0.7547
0.6600 0.8105
0.7200 0.8690
0.7800 0.9269
0.8400 0.9813
0.9000 1.0297
0.9600 1.0702
1.0200 1.1016
1.0800 1.1234
1.1400 1.1361
1.2000 1.1408
1.2600 1.1395
1.3200 1.1352
1.3800 1.1312
1.4400 1.1316
1.5000 1.1407
1.5600 1.1629
1.6200 1.2025
1.6800 1.2636
1.7400 1.3491
1.8000 1.4613
1.8600 1.6008
1.9200 1.7668
1.9800 1.9564
2.0400 2.1645
2.1000 2.3840
2.1600 2.6054
2.2200 2.8172
2.2800 3.0059
2.3400 3.1573
2.4000 3.2565
2.4600 3.2897
2.5200 3.2458
2.5800 3.1181
2.6400 2.9072
2.7000 2.6245
2.7600 2.2956
2.8200 1.9657
2.8800 1.7049
2.9400 1.6151
3.0000 1.8382
