-3.0000 0.4690
-2.9400 0.1877
-2.8800 0.1437
-2.8200 0.2252
-2.7600 0.3667
-2.7000 0.5263
-2.6400 0.6778
-2.5800 0.8062
-2.5200 0.9041
-2.4600 0.9688
-2.4000 0.9998
-2.3400 0.9980
-2.2800 0.9650
-2.2200 0.9037
-2.1600 0.8191
-2.1000 0.7190
-2.0400 0.6136
-1.9800 0.5153
-1.9200 0.4374
-1.8600 0.3929
-1.8000 0.3925
-1.7400 0.4436
-1.6800 0.5491
-1.6200 0.7072
-1.5600 0.9113
-1.5000 1.1510
-1.4400 1.4132
-1.3800 1.6834
-1.3200 1.9477
-1.2600 2.1935
-1.2000 2.4109
-1.1400 2.5934
-1.0800 2.7380
-1.0200 2.8445
-0.9600 2.9156
-0.9000 2.9552
-0.8400 2.9682
-0.7800 2.9587
-0.7200 2.9299
-0.6600 2.8833
-0.6000 2.8187
-0.5400 2.7345
-0.4800 2.6282
-0.4200 2.4969
-0.3600 2.3389
-0.3000 2.1541
-0.2400 1.9445
-0.1800 1.7152
-0.1200 1.4741
-0.0600 1.2316
0.0000 1.0000
0.0600 0.7920
0.1200 0.6198
0.1800 0.4935
0.2400 0.4198
0.3000 0.4012
0.3600 0.4348
0.4200 0.5128
0.4800 0.6228
0.5400 0.7487
0.6000 0.8723
0.6600 0.9756
0.7200 1.0424
0.7800 1.0606
0.8400 1.0236
0.9000 0.9320
0.9600 0.7933
1.0200 0.6220
1.0800 0.4379
1.1400 0.2641
1.2000 0.1246
1.2600 0.0412
1.3200 0.0305
1.3800 0.1020
1.4400 0.2562
1.5000 0.4846
1.5600 0.7703
1.6200 1.0903
1.6800 1.4186
1.7400 1.7303
1.8000 2.0048
1.8600 2.2292
1.9200 2.4002
1.9800 2.5239
2.0400 2.6138
2.1000 2.6868
2.1600 2.7581
2.2200 2.8363
2.2800 2.9194
2.3400 2.9939
2.4000 3.0382
2.4600 3.0298
2.5200 2.9554
2.5800 2.8198
2.6400 2.6495
2.7000 2.4831
2.7600 2.3485
2.8200 2.2292
2.8800 2.0519
2.9400 1.7588
3.0000 1.6103
