-3.0000 -0.5300
-2.9400 -0.2819
-2.8800 -0.0463
-2.8200 0.1771
-2.7600 0.3885
-2.7000 0.5883
-2.6400 0.7766
-2.5800 0.9536
-2.5200 1.1198
-2.4600 1.2752
-2.4000 1.4201
-2.3400 1.5549
-2.2800 1.6797
-2.2200 1.7948
-2.1600 1.9005
-2.1000 1.9970
-2.0400 2.0845
-1.9800 2.1633
-1.9200 2.2337
-1.8600 2.2958
-1.8000 2.3501
-1.7400 2.3966
-1.6800 2.4357
-1.6200 2.4676
-1.5600 2.4926
-1.5000 2.5109
-1.4400 2.5227
-1.3800 2.5283
-1.3200 2.5281
-1.2600 2.5221
-1.2000 2.5107
-1.1400 2.4941
-1.0800 2.4725
-1.0200 2.4463
-0.9600 2.4157
-0.9000 2.3809
-0.8400 2.3421
-0.7800 2.2997
-0.7200 2.2538
-0.6600 2.2048
-0.6000 2.1528
-0.5400 2.0981
-0.4800 2.0411
-0.4200 1.9818
-0.3600 1.9207
-0.3000 1.8578
-0.2400 1.7935
-0.1800 1.7281
-0.1200 1.6617
-0.0600 1.5947
0.0000 1.5273
0.0600 1.4597
0.1200 1.3921
0.1800 1.3249
0.2400 1.2583
0.3000 1.1926
0.3600 1.1279
0.4200 1.0645
0.4800 1.0028
0.5400 0.9428
0.6000 0.8850
0.6600 0.8295
0.7200 0.7766
0.7800 0.7266
0.8400 0.6796
0.9000 0.6360
0.9600 0.5960
1.0200 0.5598
1.0800 0.5277
1.1400 0.5000
1.2000 0.4768
1.2600 0.4586
1.3200 0.4454
1.3800 0.4375
1.4400 0.4353
1.5000 0.4389
1.5600 0.4487
1.6200 0.4647
1.6800 0.4874
1.7400 0.5170
1.8000 0.5536
1.8600 0.5976
1.9200 0.6493
1.9800 0.7087
2.0400 0.7763
2.1000 0.8523
2.1600 0.9368
2.2200 1.0303
2.2800 1.1328
2.3400 1.2447
2.4000 1.3662
2.4600 1.4976
2.5200 1.6391
2.5800 1.7910
2.6400 1.9535
2.7000 2.1269
2.7600 2.3113
2.8200 2.5072
2.8800 2.7147
2.9400 2.9340
3.0000 3.1655
