-3.0000 0.4412
-2.9400 -422.4309
-2.8800 -367.0519
-2.8200 -205.6102
-2.7600 -73.5584
-2.7000 0.5455
-2.6400 28.0110
-2.5800 28.7154
-2.5200 18.9001
-2.4600 8.2762
-2.4000 0.9923
-2.3400 -2.3282
-2.2800 -2.7285
-2.2200 -1.6514
-2.1600 -0.2690
-2.1000 0.7432
-2.0400 1.1679
-1.9800 1.0941
-1.9200 0.7485
-1.8600 0.3662
-1.8000 0.1150
-1.7400 0.0709
-1.6800 0.2294
-1.6200 0.5336
-1.5600 0.9077
-1.5000 1.2822
-1.4400 1.6103
-1.3800 1.8719
-1.3200 2.0702
-1.2600 2.2226
-1.2000 2.3509
-1.1400 2.4731
-1.0800 2.5983
-1.0200 2.7258
-0.9600 2.8467
-0.9000 2.9477
-0.8400 3.0159
-0.7800 3.0421
-0.7200 3.0229
-0.6600 2.9611
-0.6000 2.8641
-0.5400 2.7417
-0.4800 2.6029
-0.4200 2.4541
-0.3600 2.2970
-0.3000 2.1293
-0.2400 1.9460
-0.1800 1.7417
-0.1200 1.5134
-0.0600 1.2633
0.0000 1.0000
0.0600 0.7387
0.1200 0.4998
0.1800 0.3058
0.2400 0.1774
0.3000 0.1293
0.3600 0.1663
0.4200 0.2816
0.4800 0.4564
0.5400 0.6619
0.6000 0.8641
0.6600 1.0286
0.7200 1.1278
0.7800 1.1453
0.8400 1.0803
0.9000 0.9477
0.9600 0.7755
1.0200 0.5993
1.0800 0.4544
1.1400 0.3677
1.2000 0.3509
1.2600 0.3979
1.3200 0.4862
1.3800 0.5849
1.4400 0.6660
1.5000 0.7178
1.5600 0.7560
1.6200 0.8271
1.6800 0.9995
1.7400 1.3413
1.8000 1.8850
1.8600 2.5881
1.9200 3.3015
1.9800 3.7680
2.0400 3.6697
2.1000 2.7432
2.1600 0.9609
2.2200 -1.2495
2.2800 -2.8262
2.3400 -2.0692
2.4000 2.9923
2.4600 13.6393
2.5200 28.7326
2.5800 42.2691
2.6400 40.8202
2.7000 2.5455
2.7600 -98.5475
2.8200 -276.0767
2.8800 -490.0381
2.9400 -559.9234
3.0000 1.5588
