-3.0000 0.8698
-2.9400 0.8177
-2.8800 0.7706
-2.8200 0.7278
-2.7600 0.6886
-2.7000 0.6526
-2.6400 0.6194
-2.5800 0.5887
-2.5200 0.5604
-2.4600 0.5342
-2.4000 0.5102
-2.3400 0.4883
-2.2800 0.4683
-2.2200 0.4503
-2.1600 0.4343
-2.1000 0.4201
-2.0400 0.4078
-1.9800 0.3972
-1.9200 0.3885
-1.8600 0.3813
-1.8000 0.3758
-1.7400 0.3719
-1.6800 0.3694
-1.6200 0.3683
-1.5600 0.3687
-1.5000 0.3703
-1.4400 0.3732
-1.3800 0.3773
-1.3200 0.3826
-1.2600 0.3892
-1.2000 0.3971
-1.1400 0.4063
-1.0800 0.4169
-1.0200 0.4289
-0.9600 0.4424
-0.9000 0.4577
-0.8400 0.4748
-0.7800 0.4939
-0.7200 0.5151
-0.6600 0.5387
-0.6000 0.5648
-0.5400 0.5936
-0.4800 0.6252
-0.4200 0.6600
-0.3600 0.6979
-0.3000 0.7392
-0.2400 0.7841
-0.1800 0.8325
-0.1200 0.8846
-0.0600 0.9404
0.0000 1.0000
0.0600 1.0632
0.1200 1.1301
0.1800 1.2003
0.2400 1.2738
0.3000 1.3504
0.3600 1.4296
0.4200 1.5111
0.4800 1.5946
0.5400 1.6795
0.6000 1.7654
0.6600 1.8516
0.7200 1.9375
0.7800 2.0225
0.8400 2.1059
0.9000 2.1869
0.9600 2.2648
1.0200 2.3388
1.0800 2.4083
1.1400 2.4724
1.2000 2.5304
1.2600 2.5816
1.3200 2.6254
1.3800 2.6612
1.4400 2.6884
1.5000 2.7067
1.5600 2.7156
1.6200 2.7149
1.6800 2.7046
1.7400 2.6845
1.8000 2.6549
1.8600 2.6160
1.9200 2.5682
1.9800 2.5121
2.0400 2.4483
2.1000 2.3778
2.1600 2.3014
2.2200 2.2202
2.2800 2.1353
2.3400 2.0479
2.4000 1.9592
2.4600 1.8703
2.5200 1.7823
2.5800 1.6960
2.6400 1.6123
2.7000 1.5314
2.7600 1.4532
2.8200 1.3772
2.8800 1.3021
2.9400 1.2257
3.0000 1.1450
