-3.0000 1.0696
-2.9400 0.9615
-2.8800 0.8606
-2.8200 0.7670
-2.7600 0.6803
-2.7000 0.6005
-2.6400 0.5273
-2.5800 0.4607
-2.5200 0.4004
-2.4600 0.3464
-2.4000 0.2984
-2.3400 0.2563
-2.2800 0.2199
-2.2200 0.1891
-2.1600 0.1637
-2.1000 0.1435
-2.0400 0.1285
-1.9800 0.1184
-1.9200 0.1131
-1.8600 0.1124
-1.8000 0.1162
-1.7400 0.1243
-1.6800 0.1365
-1.6200 0.1528
-1.5600 0.1729
-1.5000 0.1966
-1.4400 0.2239
-1.3800 0.2546
-1.3200 0.2884
-1.2600 0.3253
-1.2000 0.3651
-1.1400 0.4076
-1.0800 0.4527
-1.0200 0.5002
-0.9600 0.5499
-0.9000 0.6018
-0.8400 0.6556
-0.7800 0.7112
-0.7200 0.7684
-0.6600 0.8270
-0.6000 0.8870
-0.5400 0.9482
-0.4800 1.0103
-0.4200 1.0732
-0.3600 1.1369
-0.3000 1.2010
-0.2400 1.2655
-0.1800 1.3303
-0.1200 1.3950
-0.0600 1.4597
0.0000 1.5240
0.0600 1.5880
0.1200 1.6514
0.1800 1.7140
0.2400 1.7757
0.3000 1.8363
0.3600 1.8958
0.4200 1.9538
0.4800 2.0103
0.5400 2.0652
0.6000 2.1181
0.6600 2.1691
0.7200 2.2179
0.7800 2.2644
0.8400 2.3084
0.9000 2.3497
0.9600 2.3883
1.0200 2.4239
1.0800 2.4563
1.1400 2.4856
1.2000 2.5113
1.2600 2.5335
1.3200 2.5519
1.3800 2.5665
1.4400 2.5769
1.5000 2.5832
1.5600 2.5851
1.6200 2.5824
1.6800 2.5750
1.7400 2.5628
1.8000 2.5456
1.8600 2.5232
1.9200 2.4955
1.9800 2.4623
2.0400 2.4234
2.1000 2.3788
2.1600 2.3282
2.2200 2.2714
2.2800 2.2084
2.3400 2.1390
2.4000 2.0630
2.4600 1.9802
2.5200 1.8905
2.5800 1.7937
2.6400 1.6898
2.7000 1.5784
2.7600 1.4595
2.8200 1.3329
2.8800 1.1985
2.9400 1.0560
3.0000 0.9054
