-3.0000 0.8684
-2.9400 0.8196
-2.8800 0.7733
-2.8200 0.7300
-2.7600 0.6897
-2.7000 0.6524
-2.6400 0.6182
-2.5800 0.5869
-2.5200 0.5584
-2.4600 0.5324
-2.4000 0.5089
-2.3400 0.4877
-2.2800 0.4685
-2.2200 0.4513
-2.1600 0.4359
-2.1000 0.4223
-2.0400 0.4104
-1.9800 0.3999
-1.9200 0.3911
-1.8600 0.3836
-1.8000 0.3776
-1.7400 0.3730
-1.6800 0.3698
-1.6200 0.3680
-1.5600 0.3675
-1.5000 0.3684
-1.4400 0.3706
-1.3800 0.3743
-1.3200 0.3793
-1.2600 0.3858
-1.2000 0.3938
-1.1400 0.4032
-1.0800 0.4142
-1.0200 0.4268
-0.9600 0.4412
-0.9000 0.4573
-0.8400 0.4753
-0.7800 0.4953
-0.7200 0.5174
-0.6600 0.5418
-0.6000 0.5686
-0.5400 0.5979
-0.4800 0.6299
-0.4200 0.6648
-0.3600 0.7026
-0.3000 0.7437
-0.2400 0.7880
-0.1800 0.8357
-0.1200 0.8869
-0.0600 0.9416
0.0000 1.0000
0.0600 1.0620
0.1200 1.1276
0.1800 1.1966
0.2400 1.2690
0.3000 1.3446
0.3600 1.4231
0.4200 1.5042
0.4800 1.5874
0.5400 1.6725
0.6000 1.7588
0.6600 1.8458
0.7200 1.9329
0.7800 2.0193
0.8400 2.1043
0.9000 2.1872
0.9600 2.2670
1.0200 2.3431
1.0800 2.4144
1.1400 2.4802
1.2000 2.5397
1.2600 2.5920
1.3200 2.6363
1.3800 2.6721
1.4400 2.6986
1.5000 2.7156
1.5600 2.7224
1.6200 2.7191
1.6800 2.7055
1.7400 2.6817
1.8000 2.6481
1.8600 2.6052
1.9200 2.5535
1.9800 2.4942
2.0400 2.4281
2.1000 2.3565
2.1600 2.2808
2.2200 2.2023
2.2800 2.1226
2.3400 2.0431
2.4000 1.9649
2.4600 1.8893
2.5200 1.8167
2.5800 1.7475
2.6400 1.6809
2.7000 1.6154
2.7600 1.5484
2.8200 1.4756
2.8800 1.3911
2.9400 1.2867
3.0000 1.1516
