-3.0000 0.8684
-2.9400 0.8195
-2.8800 0.7729
-2.8200 0.7295
-2.7600 0.6892
-2.7000 0.6522
-2.6400 0.6182
-2.5800 0.5871
-2.5200 0.5586
-2.4600 0.5326
-2.4000 0.5089
-2.3400 0.4875
-2.2800 0.4682
-2.2200 0.4509
-2.1600 0.4354
-2.1000 0.4218
-2.0400 0.4099
-1.9800 0.3995
-1.9200 0.3908
-1.8600 0.3835
-1.8000 0.3776
-1.7400 0.3732
-1.6800 0.3701
-1.6200 0.3683
-1.5600 0.3679
-1.5000 0.3688
-1.4400 0.3710
-1.3800 0.3746
-1.3200 0.3796
-1.2600 0.3859
-1.2000 0.3938
-1.1400 0.4031
-1.0800 0.4140
-1.0200 0.4265
-0.9600 0.4408
-0.9000 0.4569
-0.8400 0.4749
-0.7800 0.4950
-0.7200 0.5172
-0.6600 0.5417
-0.6000 0.5686
-0.5400 0.5980
-0.4800 0.6302
-0.4200 0.6651
-0.3600 0.7031
-0.3000 0.7441
-0.2400 0.7884
-0.1800 0.8361
-0.1200 0.8872
-0.0600 0.9418
0.0000 1.0000
0.0600 1.0618
0.1200 1.1272
0.1800 1.1961
0.2400 1.2683
0.3000 1.3438
0.3600 1.4223
0.4200 1.5034
0.4800 1.5869
0.5400 1.6722
0.6000 1.7588
0.6600 1.8462
0.7200 1.9336
0.7800 2.0204
0.8400 2.1057
0.9000 2.1887
0.9600 2.2687
1.0200 2.3446
1.0800 2.4156
1.1400 2.4809
1.2000 2.5397
1.2600 2.5911
1.3200 2.6346
1.3800 2.6694
1.4400 2.6952
1.5000 2.7115
1.5600 2.7181
1.6200 2.7150
1.6800 2.7021
1.7400 2.6797
1.8000 2.6481
1.8600 2.6077
1.9200 2.5591
1.9800 2.5029
2.0400 2.4398
2.1000 2.3708
2.1600 2.2965
2.2200 2.2179
2.2800 2.1359
2.3400 2.0513
2.4000 1.9649
2.4600 1.8776
2.5200 1.7901
2.5800 1.7031
2.6400 1.6173
2.7000 1.5332
2.7600 1.4515
2.8200 1.3726
2.8800 1.2967
2.9400 1.2235
3.0000 1.1516
