-3.0000 0.8684
-2.9400 0.7700
-2.8800 0.6784
-2.8200 0.5934
-2.7600 0.5150
-2.7000 0.4429
-2.6400 0.3770
-2.5800 0.3172
-2.5200 0.2633
-2.4600 0.2152
-2.4000 0.1727
-2.3400 0.1357
-2.2800 0.1040
-2.2200 0.0775
-2.1600 0.0561
-2.1000 0.0396
-2.0400 0.0278
-1.9800 0.0207
-1.9200 0.0180
-1.8600 0.0196
-1.8000 0.0254
-1.7400 0.0353
-1.6800 0.0490
-1.6200 0.0665
-1.5600 0.0876
-1.5000 0.1121
-1.4400 0.1399
-1.3800 0.1709
-1.3200 0.2049
-1.2600 0.2417
-1.2000 0.2813
-1.1400 0.3235
-1.0800 0.3681
-1.0200 0.4150
-0.9600 0.4640
-0.9000 0.5150
-0.8400 0.5679
-0.7800 0.6225
-0.7200 0.6786
-0.6600 0.7362
-0.6000 0.7950
-0.5400 0.8549
-0.4800 0.9159
-0.4200 0.9776
-0.3600 1.0401
-0.3000 1.1031
-0.2400 1.1665
-0.1800 1.2301
-0.1200 1.2939
-0.0600 1.3576
0.0000 1.4211
0.0600 1.4843
0.1200 1.5470
0.1800 1.6091
0.2400 1.6705
0.3000 1.7309
0.3600 1.7903
0.4200 1.8485
0.4800 1.9053
0.5400 1.9606
0.6000 2.0143
0.6600 2.0663
0.7200 2.1162
0.7800 2.1642
0.8400 2.2099
0.9000 2.2532
0.9600 2.2940
1.0200 2.3322
1.0800 2.3676
1.1400 2.4000
1.2000 2.4293
1.2600 2.4554
1.3200 2.4782
1.3800 2.4974
1.4400 2.5129
1.5000 2.5246
1.5600 2.5323
1.6200 2.5360
1.6800 2.5353
1.7400 2.5303
1.8000 2.5208
1.8600 2.5065
1.9200 2.4874
1.9800 2.4634
2.0400 2.4342
2.1000 2.3997
2.1600 2.3598
2.2200 2.3144
2.2800 2.2633
2.3400 2.2063
2.4000 2.1433
2.4600 2.0742
2.5200 1.9987
2.5800 1.9169
2.6400 1.8284
2.7000 1.7333
2.7600 1.6313
2.8200 1.5222
2.8800 1.4060
2.9400 1.2825
3.0000 1.1516
