-3.0000 0.4412
-2.9400 -1.8487
-2.8800 -2.7975
-2.8200 -2.8814
-2.7600 -2.4559
-2.7000 -1.7785
-2.6400 -1.0286
-2.5800 -0.3236
-2.5200 0.2665
-2.4600 0.7078
-2.4000 0.9923
-2.3400 1.1303
-2.2800 1.1434
-2.2200 1.0602
-2.1600 0.9114
-2.1000 0.7278
-2.0400 0.5372
-1.9800 0.3639
-1.9200 0.2272
-1.8600 0.1412
-1.8000 0.1150
-1.7400 0.1524
-1.6800 0.2531
-1.6200 0.4129
-1.5600 0.6242
-1.5000 0.8773
-1.4400 1.1608
-1.3800 1.4623
-1.3200 1.7692
-1.2600 2.0692
-1.2000 2.3509
-1.1400 2.6044
-1.0800 2.8211
-1.0200 2.9946
-0.9600 3.1202
-0.9000 3.1956
-0.8400 3.2201
-0.7800 3.1954
-0.7200 3.1245
-0.6600 3.0121
-0.6000 2.8641
-0.5400 2.6874
-0.4800 2.4894
-0.4200 2.2780
-0.3600 2.0609
-0.3000 1.8455
-0.2400 1.6386
-0.1800 1.4462
-0.1200 1.2734
-0.0600 1.1238
0.0000 1.0000
0.0600 0.9031
0.1200 0.8330
0.1800 0.7881
0.2400 0.7660
0.3000 0.7628
0.3600 0.7742
0.4200 0.7953
0.4800 0.8208
0.5400 0.8454
0.6000 0.8641
0.6600 0.8725
0.7200 0.8672
0.7800 0.8456
0.8400 0.8068
0.9000 0.7513
0.9600 0.6810
1.0200 0.5998
1.0800 0.5129
1.1400 0.4273
1.2000 0.3509
1.2600 0.2929
1.3200 0.2629
1.3800 0.2703
1.4400 0.3243
1.5000 0.4327
1.5600 0.6013
1.6200 0.8332
1.6800 1.1283
1.7400 1.4820
1.8000 1.8850
1.8600 2.3229
1.9200 2.7753
1.9800 3.2164
2.0400 3.6148
2.1000 3.9346
2.1600 4.1365
2.2200 4.1797
2.2800 4.0247
2.3400 3.6371
2.4000 2.9923
2.4600 2.0818
2.5200 0.9203
2.5800 -0.4442
2.6400 -1.9200
2.7000 -3.3574
2.7600 -4.5334
2.8200 -5.1323
2.8800 -4.7243
2.9400 -2.7401
3.0000 1.5588
