-3.0000 0.4412
-2.9400 0.6442
-2.8800 0.8371
-2.8200 1.0200
-2.7600 1.1931
-2.7000 1.3567
-2.6400 1.5108
-2.5800 1.6558
-2.5200 1.7918
-2.4600 1.9190
-2.4000 2.0375
-2.3400 2.1477
-2.2800 2.2496
-2.2200 2.3434
-2.1600 2.4294
-2.1000 2.5078
-2.0400 2.5787
-1.9800 2.6423
-1.9200 2.6989
-1.8600 2.7485
-1.8000 2.7915
-1.7400 2.8280
-1.6800 2.8581
-1.6200 2.8822
-1.5600 2.9003
-1.5000 2.9127
-1.4400 2.9195
-1.3800 2.9210
-1.3200 2.9173
-1.2600 2.9087
-1.2000 2.8953
-1.1400 2.8773
-1.0800 2.8549
-1.0200 2.8284
-0.9600 2.7978
-0.9000 2.7634
-0.8400 2.7254
-0.7800 2.6840
-0.7200 2.6393
-0.6600 2.5916
-0.6000 2.5410
-0.5400 2.4878
-0.4800 2.4321
-0.4200 2.3742
-0.3600 2.3141
-0.3000 2.2522
-0.2400 2.1886
-0.1800 2.1234
-0.1200 2.0570
-0.0600 1.9894
0.0000 1.9209
0.0600 1.8517
0.1200 1.7819
0.1800 1.7118
0.2400 1.6415
0.3000 1.5712
0.3600 1.5012
0.4200 1.4316
0.4800 1.3626
0.5400 1.2944
0.6000 1.2271
0.6600 1.1611
0.7200 1.0965
0.7800 1.0334
0.8400 0.9720
0.9000 0.9127
0.9600 0.8555
1.0200 0.8006
1.0800 0.7482
1.1400 0.6986
1.2000 0.6519
1.2600 0.6083
1.3200 0.5679
1.3800 0.5311
1.4400 0.4980
1.5000 0.4687
1.5600 0.4435
1.6200 0.4226
1.6800 0.4061
1.7400 0.3943
1.8000 0.3873
1.8600 0.3853
1.9200 0.3885
1.9800 0.3972
2.0400 0.4115
2.1000 0.4315
2.1600 0.4576
2.2200 0.4898
2.2800 0.5284
2.3400 0.5736
2.4000 0.6255
2.4600 0.6844
2.5200 0.7504
2.5800 0.8238
2.6400 0.9047
2.7000 0.9933
2.7600 1.0898
2.8200 1.1944
2.8800 1.3073
2.9400 1.4287
3.0000 1.5588
